Peaks per beta by transition_combo_exc
 beta  target  transition_combo_exc  same_sector  carrier_vs_space_sector  bw_selected   inner_r   outer_r      gap
  0.0    0.75              1.000000     0.995612                 0.011989     0.005000 10.136567 10.897247 0.760680
  1.0    0.85              1.000000     0.903520                 0.005882     0.007242  8.179812 10.125719 1.945907
  1.5    0.80              0.887500     0.917571                 0.053261     0.006500  6.857398  8.503635 1.646237
  2.0    0.77              0.880435     0.846110                 0.025635     0.005500  6.485950  8.674874 2.188924
  5.0    0.81              0.955357     0.889383                 0.013360     0.007452  5.349279  7.502587 2.153307
 10.0    0.79              0.968750     0.894218                 0.092483     0.007444  5.469497  6.810630 1.341133

Global top targets by transition_combo_exc
 target  transition_combo_exc  same_sector  carrier_vs_space_sector  bw_selected  inner_r  outer_r      gap
   0.84              0.863372     0.849522                 0.011318     0.006570 6.508777 8.332276 1.823500
   0.80              0.831579     0.831241                -0.019488     0.005816 6.440268 8.416803 1.976535
   0.61              0.825980     0.801929                -0.074634     0.004750 6.645075 8.908313 2.263237
   0.65              0.820876     0.804062                -0.059749     0.006566 6.836388 8.958363 2.121976
   0.77              0.812500     0.833085                -0.030855     0.005310 6.339680 8.464704 2.125024
   0.66              0.811321     0.800268                -0.045691     0.005099 6.301865 8.381506 2.079641
   0.81              0.808511     0.834533                -0.008066     0.005820 6.490777 8.480527 1.989750
   0.74              0.800000     0.793426                -0.044330     0.006259 6.491779 8.672686 2.180907
   0.73              0.797872     0.803472                -0.026722     0.006572 6.338503 8.598347 2.259844
   0.79              0.792793     0.824318                -0.018541     0.005748 6.254242 8.349414 2.095171
   0.60              0.789141     0.791050                -0.082244     0.005995 6.846822 8.947734 2.100913
   0.69              0.788217     0.788171                -0.069121     0.005585 6.115101 8.523738 2.408637
   0.72              0.785000     0.786046                -0.049168     0.006184 6.215914 8.433253 2.217339
   0.75              0.784615     0.837094                -0.032113     0.006041 6.903581 8.794603 1.891022
   0.63              0.783742     0.764875                -0.090669     0.004742 6.130836 8.577566 2.446730